7.36206	
7.51235	
7.64951	
7.779	
7.85112	
7.93144	
7.97072	
8.07044	
8.11669	
8.19257	
8.21193	
8.20684	
8.28673	
8.33114	
8.36157	
8.42734	
8.44171	
8.47253	
8.50673	
8.51835	
8.55758	
8.62451	
8.60502	
8.66668	
8.6692	
8.72203	
8.8081	
8.91826	
8.99826	
9.07966	
9.14651	
9.23326	
9.27788	
9.30112	
9.37465	
9.41614	
9.43492	
9.46164	
9.507	
9.56297	
9.62176	
9.68441	
9.75257	
9.78052	
9.84429	
9.90051	
9.93256	
9.94257	
9.98374	
10.0219	
10.0809	
10.0819	
10.135	
10.1344	
10.2242	
10.2719	
10.2697	
10.3164	
10.3788	
10.3962	
10.4221	
10.4663	
10.4927	
10.5174	
10.5463	
10.5886	
10.614	
10.6599	
10.7343	
10.7083	
10.7939	
10.8175	
10.8509	
10.8736	
10.9249	
10.9551	
10.9952	
11.0056	
11.0391	
11.0609	
11.0942	
11.1176	
11.1392	
11.1814	
11.1993	
11.2394	
11.246	
11.2401	
11.2559	
11.2901	
11.3123	
11.3083	
11.3348	
11.3454	
11.3591	
11.3478	
11.3586	
11.3694	
11.377	
11.3888	
11.3832	
11.3754	
11.4022	
11.404	
11.3961	
11.4088	
11.3927	
11.3992	
11.396	
11.3805	
11.4026	
11.4004	
11.4152	
11.4115	
11.3919	
11.3745	
11.3573	
