0.949064	
0.945431	
0.924971	
0.919577	
0.906008	
0.897595	
0.889014	
0.88179	
0.878031	
0.858539	
0.863895	
0.85749	
0.854595	
0.853083	
0.842817	
0.840444	
0.838895	
0.834779	
0.838805	
0.827112	
0.830163	
0.825026	
0.818667	
0.817626	
0.820609	
0.81701	
0.815393	
0.806652	
0.801414	
0.8047	
0.799882	
0.790103	
0.777199	
0.780926	
0.778173	
0.77427	
0.767914	
0.770675	
0.77137	
0.756535	
0.745366	
0.747013	
0.742822	
0.73976	
0.734875	
0.734036	
0.732677	
0.725412	
0.731344	
0.724557	
0.703887	
0.718061	
0.714774	
0.710111	
0.70326	
0.702323	
0.696307	
0.693724	
0.682267	
0.678219	
0.675189	
0.672944	
0.670571	
0.668604	
0.652247	
0.642934	
0.645758	
0.628201	
0.612964	
0.616218	
0.595774	
0.594694	
0.586534	
0.566488	
0.55368	
0.536463	
0.511206	
0.501925	
0.483627	
0.478386	
0.454844	
0.453818	
0.415815	
0.39065	
0.383546	
0.357529	
0.341035	
0.326112	
0.318659	
0.286917	
0.271096	
0.262225	
0.256294	
0.234595	
0.222247	
0.207577	
0.203323	
0.188302	
0.188104	
0.165877	
0.171838	
0.15953	
0.155982	
0.145403	
0.14313	
0.140822	
0.131784	
0.128916	
0.127953	
0.120931	
0.120156	
0.110784	
0.103295	
0.0988148	
0.0958274	
0.0919656	
0.0919574	
